344	1882
345	977
346	1100
347	1151
340	976
341	1833
342	1279
343	1279
348	1283
349	1863
298	1272
299	971
296	1300
297	858
294	1157
295	1288
292	1524
293	954
290	1581
291	1141
199	817
198	1343
195	1665
194	1436
197	1289
196	1028
191	783
190	101
193	1239
192	1484
270	430
271	1398
272	211
273	747
274	1495
275	1052
276	1192
277	1815
278	1290
279	1450
108	651
109	1170
102	1105
103	1701
100	1424
101	1598
106	1329
107	606
104	2084
105	581
39	936
38	1576
33	1276
32	1160
31	586
30	756
37	906
36	948
35	1391
34	1808
339	1021
338	1928
335	1245
334	1729
337	971
336	1359
331	830
330	774
333	708
332	1288
6	293
99	1267
98	1028
91	601
90	217
93	1123
92	1806
95	1151
94	1454
97	923
96	1434
238	1036
239	1602
234	1920
235	614
236	762
237	1785
230	519
231	337
232	1611
233	1752
1	609
146	757
147	373
144	1025
145	1080
142	1034
143	948
140	621
141	728
148	1164
149	1876
133	1037
132	1076
131	685
130	478
137	1451
136	862
135	1745
134	2039
139	1163
138	2069
24	487
25	1396
26	1121
27	907
20	1214
21	1815
22	1339
23	459
28	1064
29	1065
88	1204
89	1861
82	1153
83	1416
80	916
81	1250
86	918
87	739
84	1213
85	439
7	1078
245	1261
244	1352
247	737
246	519
241	693
240	956
243	495
242	1306
249	863
248	970
179	906
178	797
177	880
176	1407
175	1108
174	956
173	1184
172	1420
171	1660
170	1699
253	1171
182	899
183	1629
180	497
181	418
186	1112
187	942
184	868
185	677
188	1330
189	794
11	2047
10	870
13	990
12	1575
15	1863
14	261
17	810
16	957
19	836
18	1414
62	996
322	1634
323	1306
320	1114
321	462
326	2042
327	1822
324	1749
325	1494
328	1793
329	582
201	534
200	760
203	644
202	724
205	1120
204	2209
207	552
206	975
209	570
208	1120
77	755
76	921
75	1985
74	788
73	763
72	824
71	1091
70	1005
79	1078
78	873
2	1077
8	689
68	1039
120	1626
121	1604
122	643
123	1611
124	1028
125	1209
126	1640
127	1950
128	1103
129	1111
319	965
318	1243
313	1046
312	1587
311	1321
310	1067
317	1566
316	811
315	1366
314	1792
3	1383
60	1756
61	1459
258	668
259	1839
64	738
65	774
66	1473
67	1598
252	1087
69	349
250	1348
251	1054
256	601
257	816
254	610
255	702
168	1978
169	1735
164	1373
165	1062
166	1782
167	955
160	1644
161	1152
162	379
163	563
9	649
351	910
350	1280
216	1512
217	1555
214	1383
215	1243
212	657
213	1895
210	1213
211	1749
218	1771
219	1133
289	1505
288	798
4	1561
281	973
280	621
283	1127
282	1702
285	1274
284	1851
287	892
286	1506
263	1913
262	497
261	1169
260	874
267	757
266	1261
265	1861
264	934
269	517
268	655
59	762
58	353
55	1462
54	1591
57	1479
56	913
51	1118
50	771
53	719
52	1381
63	808
115	817
114	1470
117	974
116	439
111	788
110	975
113	731
112	1136
119	1009
118	449
308	881
309	977
300	973
301	1240
302	1197
303	726
304	910
305	1691
306	1987
307	1227
229	659
228	770
227	1615
226	876
225	1500
224	1001
223	897
222	1102
221	2078
220	919
151	803
150	1147
153	1254
152	1086
155	525
154	608
157	666
156	736
159	1223
158	1691
48	789
49	1593
46	335
47	1836
44	868
45	969
42	369
43	704
40	866
41	449
5	160
