344	1604
345	1384
346	1188
347	1232
340	946
341	1790
342	1217
343	978
348	1278
349	1937
298	1523
299	758
296	1007
297	1088
294	1347
295	1002
292	1822
293	703
290	1672
291	872
199	766
198	1423
195	1524
194	1712
197	1500
196	660
191	659
190	628
193	846
192	1683
270	867
271	1680
272	613
273	808
274	1590
275	1387
276	1274
277	1595
278	978
279	1573
108	982
109	1230
102	1121
103	1473
100	1435
101	1645
106	1267
107	898
104	1903
105	704
39	830
38	1150
33	1408
32	1283
31	379
30	708
37	745
36	1141
35	1412
34	1691
339	898
338	1924
335	1453
334	1397
337	975
336	1312
331	858
330	934
333	886
332	1075
6	427
99	1220
98	815
91	861
90	500
93	936
92	1647
95	1238
94	1346
97	1140
96	1172
238	779
239	1258
234	1863
235	877
236	1095
237	1582
230	658
231	566
232	923
233	1835
1	660
146	914
147	526
144	1171
145	985
142	961
143	972
140	728
141	806
148	936
149	1707
133	956
132	1080
131	809
130	354
137	1181
136	746
135	1834
134	1991
139	1129
138	1793
24	561
25	1385
26	1596
27	863
20	1095
21	1725
22	1204
23	617
28	969
29	1189
88	1042
89	1699
82	832
181	311
80	1189
81	1074
86	1092
87	749
84	1090
85	749
7	1001
245	1245
244	1513
247	874
246	547
241	673
240	1151
243	381
242	1411
249	1132
248	778
179	775
178	668
177	1230
176	937
175	1094
174	865
173	1648
172	1638
171	1386
170	1310
182	812
183	1404
180	500
2	1062
186	970
187	1030
184	1363
185	1026
188	1153
189	896
11	1858
10	953
13	725
12	1442
15	1806
14	629
17	569
16	834
19	1041
18	1640
62	1162
322	1269
323	1120
320	887
321	860
326	2003
327	2089
324	1506
325	1363
328	1715
329	708
201	945
200	1015
203	669
202	728
205	838
204	1943
207	816
206	816
209	565
208	1342
77	892
76	1023
75	1874
74	1017
73	1119
72	697
71	1390
70	1147
79	1338
78	820
8	428
120	1380
121	1338
122	459
123	1473
124	1123
125	1157
126	1438
127	1492
128	1012
129	906
319	1174
318	1270
313	1221
312	1115
311	1432
310	1019
317	1646
316	1088
315	1191
314	1762
3	1118
252	781
60	1651
61	973
258	1030
63	629
64	627
65	727
66	1527
67	1205
68	994
69	224
250	1609
251	1199
256	1081
257	818
254	621
255	481
168	2024
169	1936
164	1516
165	1178
166	1805
167	1079
160	1554
161	1065
162	695
163	307
9	525
351	695
350	1181
216	1716
217	1641
214	974
215	1107
212	416
213	1697
210	1245
211	1344
218	1789
219	1322
289	1764
288	958
4	1675
281	935
280	643
283	682
282	1638
285	1452
284	1776
287	892
286	1866
263	1347
262	684
261	690
260	1093
267	1020
266	1313
265	1578
264	798
269	502
268	1012
59	912
58	259
55	994
54	1519
57	1339
56	768
51	854
50	1004
53	1015
52	1452
259	1692
115	412
114	1738
117	1081
116	412
111	715
110	1005
113	856
253	926
119	951
118	803
308	986
309	1145
300	1148
301	1196
302	1221
303	818
304	1081
305	1448
306	1689
307	1318
229	977
228	755
227	1216
226	800
225	1675
224	1254
223	977
222	1483
221	1685
220	935
151	687
150	1010
153	1572
152	1586
155	510
154	762
157	695
156	913
159	1301
158	1720
112	1201
83	1256
48	822
49	1724
46	347
47	1880
44	678
45	790
42	626
43	926
40	1145
41	861
5	161
